FA: 2.36528793598+-0.274674969814
IRT: 1.80326543643+-0.692979852905
MannwhitneyuResult(statistic=100.0, pvalue=5.01845423301784e-33)